"StromalScore"	"ImmuneScore"	"ESTIMATEScore"	"TumorPurity"
"GSM36777"	1122.40096637517	943.059504085831	2065.460470461	0.615187274216835
"GSM36778"	425.319244802514	515.515877629318	940.835122431832	0.736380888772275
"GSM36779"	-319.817903689362	796.162868825068	476.344965135705	0.780763740400805
"GSM36780"	626.026052089323	2011.69966764697	2637.72571973629	0.546870425500666
"GSM36781"	143.906234748694	2609.46906580001	2753.3753005487	0.532579695708681
"GSM36782"	1535.17644920972	894.906168573125	2430.08261778284	0.572130517409327
"GSM36783"	-143.181825203728	-218.130794329791	-361.31261953352	0.851503294451939
"GSM36784"	1004.20869391961	1150.80987547322	2155.01856939283	0.604770287509141
"GSM36785"	1049.22021604597	748.79900258421	1798.01921863018	0.645655032152039
"GSM36786"	757.08452509189	639.771899795727	1396.85642488762	0.689477050651679
"GSM36787"	465.71637890383	874.093003761979	1339.80938266581	0.695518044702483
"GSM36788"	524.615089134532	2305.54140948613	2830.15649862066	0.523006872513669
"GSM36789"	590.42764341738	729.468984007883	1319.89662742526	0.69761524360963
"GSM36790"	1121.91529781462	969.404580232942	2091.31987804756	0.612190264645245
"GSM36791"	926.7150509532	607.384278920394	1534.09932987359	0.674746473088208
"GSM36792"	-32.0886321108475	392.061597763679	359.972965652832	0.791322633087353
"GSM36793"	211.101037022827	472.389410793986	683.490447816813	0.761406948299237
"GSM36794"	1963.80063411711	3092.90089622398	5056.70153034109	0.221686824054147
"GSM36795"	-414.6702147548	596.343297392291	181.673082637491	0.807051542997452
"GSM36796"	477.607618594885	1412.44386511953	1890.05148371442	0.635280358243704
"GSM36797"	580.385285399444	842.261397596629	1422.64668299607	0.68673009777088
"GSM36798"	982.071843581144	2250.92526761132	3232.99711119246	0.471721957071409
"GSM36799"	634.579777559164	1162.82018717583	1797.399964735	0.645724442836906
"GSM36800"	-92.610680464817	529.246983293852	436.636302829035	0.784392426537406
"GSM36801"	782.763710550422	2868.28028968872	3651.04400023914	0.416760103553285
"GSM36802"	593.323239266666	422.992925434367	1016.31616470103	0.728839653582025
"GSM36803"	330.274121650109	343.668445077581	673.94256672769	0.762314768308669
"GSM36804"	892.851270503389	662.140790174912	1554.9920606783	0.672479845282093
"GSM36805"	-112.985286853589	355.784739788544	242.799452934955	0.801720952487327
"GSM36806"	1078.8015458002	472.785975259559	1551.58752105976	0.672849631703541
"GSM36807"	1043.60108146186	851.232380478621	1894.83346194048	0.634738107260594
"GSM36808"	1140.22641931909	1389.64357453267	2529.86999385176	0.560056134381307
"GSM36809"	1777.18085548517	1759.39330534032	3536.57416082549	0.431974616248597
"GSM36810"	639.25171982363	697.111433895364	1336.36315371899	0.695881425092324
"GSM36811"	1758.43061013079	1563.83630404172	3322.26691417251	0.460127573014134
"GSM36812"	1100.02276086059	870.924509662272	1970.94727052286	0.626065278776237
"GSM36813"	1053.75641128844	886.565836856523	1940.32224814496	0.629564320475875
"GSM36814"	1461.24049394904	1608.39277218617	3069.6332661352	0.492728537252887
"GSM36815"	862.719935747085	1310.32914160854	2173.04907735562	0.602660364384541
"GSM36816"	1606.10829293302	2874.5479251924	4480.65621812543	0.303249384750858
"GSM36817"	273.784506835849	2988.71595093839	3262.50045777424	0.467898918847271
"GSM36818"	1547.60034576908	952.273243170981	2499.87358894006	0.563698482395732
"GSM36819"	434.400676132237	392.255495838209	826.656171970446	0.747616299527979
"GSM36820"	281.484922626528	372.20262202863	653.687544655159	0.764235671776557
"GSM36821"	602.958373842889	1744.01598511772	2346.97435896061	0.58209312920482
"GSM36822"	132.986216217471	1171.47264481505	1304.45886103252	0.699237038853293
"GSM36823"	316.621660341197	503.282501846611	819.904162187808	0.748274163470545
"GSM36824"	793.132810880176	1249.72808558285	2042.86089646302	0.617799224331988
"GSM36825"	1196.72309582802	1702.88771078332	2899.61080661134	0.514290280038393
"GSM36826"	1497.73621795662	1739.79518121284	3237.53139916946	0.471134978451811
"GSM36827"	824.060125765432	2636.56314729265	3460.62327305808	0.442002424566276
"GSM36828"	535.86352900458	1647.08491865012	2182.9484476547	0.601500147766845
"GSM36829"	1022.435437887	714.26000835796	1736.69544624496	0.652502679888164
"GSM36830"	782.890202457113	975.533483582999	1758.42368604011	0.650082440580851
"GSM36831"	1395.85209789145	831.120165070518	2226.97226296197	0.59632516103407
"GSM36832"	1221.62357256229	1007.90940858109	2229.53298114338	0.596023380890481
"GSM36833"	632.010889204813	1594.27993277757	2226.29082198238	0.596405454529971
"GSM36834"	246.553995731389	755.833591758874	1002.38758749026	0.730238003236775
"GSM36835"	548.870090122394	981.236544170379	1530.10663429277	0.675178914312566
"GSM36836"	373.958432309558	386.664854043355	760.623286352913	0.754018408177955
"GSM36837"	421.922545846647	992.095369017592	1414.01791486424	0.687650256264074
"GSM36838"	50.917093553219	-242.700182926719	-191.7830893735	0.838192588430026
"GSM36839"	106.249947677377	31.8173667942856	138.067314471663	0.810814547714821
"GSM36840"	1048.91929483211	851.756296394563	1900.67559122667	0.63407521635814
"GSM36841"	812.067555306668	1106.51845599353	1918.58601130019	0.632040064530786
"GSM36842"	594.629461537618	1144.95094602607	1739.58040756369	0.652181714864989
"GSM36843"	829.937598809611	1302.00980684638	2131.94740565599	0.60746388588113
"GSM36844"	769.112645708209	1295.61195444721	2064.72460015542	0.615272429356559
"GSM36845"	-287.292799069606	552.216507173415	264.923708103809	0.799775651963791
"GSM36846"	721.289658055269	1695.7298540859	2417.01951214117	0.5737021365391
"GSM36847"	-139.459115455501	833.006837084819	693.547721629319	0.760449077452679
"GSM36848"	1540.29842378439	1215.86583439725	2756.16425818163	0.532233154491392
"GSM36849"	213.790848047408	832.901214521855	1046.69206256926	0.725779527553159
"GSM36850"	1267.23941573517	1712.84615027807	2980.08556601324	0.50412381860874
"GSM36851"	1193.10477762633	3218.62564483488	4411.73042246121	0.312874785781071
"GSM36852"	1491.7166257897	1571.73445516328	3063.45108095297	0.493518001971857
"GSM36853"	1002.71589587034	733.937738675307	1736.65363454565	0.652507330769123
"GSM36854"	1334.27025121707	3252.32042257071	4586.59067378778	0.288395598393887
"GSM36855"	825.532509792838	952.203981703379	1777.73649149622	0.647925696850667
"GSM36856"	-86.9993537195424	244.962586763391	157.963233043849	0.809101720314731
"GSM36857"	1071.1421549666	2227.06425231874	3298.20640728534	0.463260418267545
"GSM36858"	92.2244497318554	48.8066042263974	141.031053958253	0.810559839206836
"GSM36859"	1046.47290252482	838.802352535741	1885.27525506056	0.635821644805985
"GSM36860"	1084.57237518832	2198.77882565569	3283.35120084401	0.465191786657798
"GSM36861"	210.666335759561	-154.657054601613	56.0092811579477	0.817805633353369
"GSM36862"	1076.94715137391	1299.6963241438	2376.64347551772	0.578546406554969
"GSM36863"	987.920777703235	3249.71332339993	4237.63410110316	0.337042284039851
"GSM36864"	1208.63647180265	928.160673367659	2136.79714517031	0.606898247678078
"GSM36865"	781.529835495159	1519.1313098141	2300.66114530926	0.587607437047955
"GSM36866"	-806.346396865763	-34.1484836778681	-840.494880543631	0.886249242235513
"GSM36867"	-446.175693512297	78.0880075771015	-368.087685935196	0.852024339222951
"GSM36868"	1114.56351153136	868.254559495606	1982.81807102696	0.624705581913052
"GSM36869"	1134.773616454	831.175535451733	1965.94915190573	0.626637201315184
"GSM36870"	513.874792109384	277.370280419673	791.245072529057	0.75105829596934
"GSM36871"	1183.41089446172	1011.50512943093	2194.91602389266	0.600095839629843
"GSM36872"	895.88108925869	711.986592202238	1607.86768146093	0.666715221016906
"GSM36873"	280.755616558091	729.929502794852	1010.68511935294	0.729405345604969
"GSM36874"	373.640668712372	1540.18705350754	1913.82772221991	0.632581173185367
"GSM36875"	245.825829826576	814.670873383995	1060.49670321057	0.724384049144864
"GSM36876"	54.5974209618231	700.634580290254	755.232001252077	0.754537991325703
"GSM36877"	617.46593509878	2338.42583526324	2955.89177036202	0.507187706460713
"GSM36878"	-16.5084339861933	-9.50316470804554	-26.0115986942389	0.824674983594315
"GSM36879"	886.014545131397	1764.4534218052	2650.4679669366	0.545303526867723
"GSM36880"	1412.82796031692	2442.86015101792	3855.68811133484	0.389269895592565
"GSM36881"	746.955852787604	178.122867318647	925.078720106251	0.737943721075442
"GSM36882"	705.907173162908	650.156938662181	1356.06411182509	0.693801700856635
"GSM36883"	940.758041384992	1638.56698293181	2579.32502431681	0.554027325689331
"GSM36884"	736.402651826381	1888.67084858114	2625.07350040752	0.548424360559155
"GSM36885"	1304.44894923937	915.584193811069	2220.03314305044	0.597142511350938
"GSM36886"	1658.63183781684	1343.09979836157	3001.73163617841	0.501377182986165
"GSM36887"	1028.25374185733	1393.9319521027	2422.18569396003	0.573080846268182
"GSM36888"	961.211081728521	1776.68093012288	2737.8920118514	0.534501942904288
"GSM36889"	1956.97302567771	2916.52290940832	4873.49593508604	0.247826821647422
"GSM36890"	838.967112920713	1919.94644107705	2758.91355399776	0.531891454135609
"GSM36891"	551.489640646083	1022.9977548549	1574.48739550099	0.670359114412606
"GSM36892"	1062.90142056348	2038.30674756978	3101.20816813326	0.488690109329648
"GSM36893"	784.057343192213	869.833498624212	1653.89084181642	0.661664962474844
"GSM36894"	1508.7871108219	1706.01016799543	3214.79727881733	0.474075880379367
"GSM36895"	-489.784301588959	-418.809254582433	-908.593556171392	0.890835165886091
"GSM36896"	448.332657357127	398.65775034518	846.990407702307	0.745630654315376
"GSM36897"	806.293612582414	477.772242312693	1284.06585489511	0.70137389478309
"GSM36898"	831.998959895422	273.553643016735	1105.55260291216	0.719808788630439
"GSM36899"	-509.151723194093	-167.320419802241	-676.472142996334	0.874840953289732
"GSM36900"	-462.085398617767	814.825616083482	352.740217465715	0.791971299023806
"GSM36901"	-677.662354145845	563.793800619452	-113.868553526393	0.831900486373774
"GSM36902"	1589.69390058267	2508.10555485292	4097.79945543559	0.3562950395822
"GSM36903"	1515.88230763011	1731.11586999219	3246.99817762229	0.469908800119214
"GSM36904"	298.954125595277	730.185932645329	1029.14005824061	0.727549513902639
"GSM36905"	606.85216167157	3417.72106881759	4024.57323048916	0.366317620877185
"GSM36906"	872.227705053752	2979.60557950783	3851.83328456158	0.389791045455255
"GSM36907"	1028.97309684091	1466.76663874638	2495.73973558729	0.564199585059564
"GSM36908"	595.055248414396	1616.03166083304	2211.08690924743	0.598195362742352
"GSM36909"	1855.29704714709	1863.42858167207	3718.72562881916	0.407708716695805
"GSM36910"	888.543819838549	876.699320094439	1765.24313993299	0.649321478746938
"GSM36911"	499.547965420214	1000.31970548295	1499.86767090317	0.678446498549019
"GSM36912"	472.242723809166	1770.70985157342	2242.95257538259	0.594440508261014
"GSM36913"	1025.41276388225	1022.34654788327	2047.75931176553	0.617233665160885
"GSM36914"	1094.08037011654	1004.34080753239	2098.42117764893	0.611365704751474
"GSM36915"	1081.03445357111	1910.55456534668	2991.58901891779	0.50266479557242
"GSM36916"	1486.04068022065	1238.74041740338	2724.78109762402	0.536127501874304
"GSM36917"	480.079516277739	726.015900926819	1206.09541720456	0.709485813487665
"GSM36918"	896.796350985646	1147.77382734843	2044.57017833407	0.617601911052291
"GSM36919"	831.082505216189	105.010972515709	936.093477731899	0.736851613619223
"GSM36920"	1330.557738376	1713.67969775483	3044.23743613083	0.495968986129374
"GSM36921"	614.697338808645	838.856039317803	1453.55337812645	0.683425225809095
"GSM36922"	62.5806696147667	137.15773234774	199.738401962507	0.805482881973559
"GSM36923"	794.836016889294	232.593072712894	1027.42908960219	0.727721793952051
"GSM36924"	22.7711353320425	-194.065820765201	-171.294685433159	0.836548608687546
"GSM36925"	789.458866790266	517.643380377464	1307.10224716773	0.698959595773362
"GSM36926"	948.449519501424	929.713112161298	1878.16263166272	0.636627133985912
"GSM36927"	66.7515667192208	1621.13721374332	1687.88878046254	0.657914861311036
"GSM36928"	551.395994244134	787.365952027418	1338.76194627155	0.695628508269532
"GSM36929"	514.370182763126	2368.35025113168	2882.72043389481	0.516414994233724
"GSM36930"	-598.931608566662	-41.8200061597238	-640.751614726385	0.872289002010744
"GSM36931"	1049.17933424737	1444.70984248559	2493.88917673296	0.564423841139378
"GSM36932"	1823.67567199511	1545.77807944125	3369.45375143636	0.453966889608282
"GSM36933"	627.369349573798	2345.41401322093	2972.78336279473	0.505049236944953
"GSM36934"	930.046857861091	1934.54811043866	2864.59496829975	0.518691544769468
"GSM36935"	1033.70955902734	2500.5272437596	3534.23680278694	0.432284025159475
"GSM36936"	1799.48684108047	1905.31115681343	3704.7979978939	0.409574643005108
"GSM36937"	589.939603958617	1026.90839764163	1616.84800160025	0.665732165931365
"GSM36938"	1181.64557427853	1453.82474583745	2635.47032011597	0.54714757011456
"GSM36939"	252.7739523154	499.236068258278	752.010020573678	0.754848282973878
"GSM36940"	698.803967256309	1686.3515632511	2385.15553050741	0.577526824911233
"GSM36941"	107.53637363127	1187.5962790527	1295.13265268397	0.700215052725333
"GSM36942"	1168.53652949801	1966.73961985515	3135.27614935316	0.484321045402346
"GSM36943"	783.277124299522	769.657986701834	1552.93511100136	0.672703282379784
"GSM36944"	1646.69204469045	1601.10748016103	3247.79952485148	0.469804964450339
"GSM36945"	736.395730551777	782.68747311218	1519.08320366396	0.676371636497975
"GSM36946"	789.082711416488	939.904553314301	1728.98726473079	0.653359675861836
"GSM36947"	-355.405706316681	-46.4659147698267	-401.871621086508	0.854609946149403
"GSM36948"	-642.739157444911	-205.517311654683	-848.256469099594	0.886776405752779
"GSM36949"	519.675070768502	1856.00883154265	2375.68390231116	0.578661288481585
"GSM36950"	667.100504933898	425.758504692677	1092.85900962658	0.72110097052335
"GSM36951"	204.983055136207	-172.468132205709	32.5149229304985	0.819785473659362
"GSM36952"	1027.44526717278	925.894764943936	1953.34003211671	0.6280785326787
"GSM36953"	664.69956037076	1773.24007739102	2437.93963776178	0.571184227693507
"GSM36954"	-744.143463167558	-610.41788274814	-1354.5613459157	0.91864736057325
"GSM36955"	1408.05455677687	2321.31520168432	3729.36975846119	0.406281541631921
"GSM36956"	990.016725567301	605.63204525317	1595.64877082047	0.668050936288966
"GSM36957"	799.975806441182	309.129371290402	1109.10517773158	0.719446695996592
"GSM36958"	1272.25582618166	2027.4427056121	3299.69853179377	0.463066300949536
"GSM36959"	791.321958830107	1256.48740374657	2047.80936257667	0.617227884767945
"GSM36960"	160.804129938391	389.106255918825	549.910385857215	0.773971131099542
"GSM36961"	846.152737204791	1234.00987949083	2080.16261669562	0.613484434322837
"GSM36962"	1098.37828873427	480.318673185963	1578.69696192023	0.669900470390194
"GSM36963"	668.700781254978	2340.28112856854	3008.98190982352	0.500456074192221
"GSM36964"	873.444782473954	1129.22665230781	2002.67143478177	0.622427315089141
"GSM36965"	1282.27044204862	1823.13423990319	3105.40468195181	0.488152583258686
"GSM36966"	558.197240875007	1298.46575825565	1856.66299913066	0.639057698045972
"GSM36967"	1371.36977443632	1794.19181854188	3165.5615929782	0.480426902036636
"GSM36968"	114.078589201321	864.785160543359	978.86374974468	0.732592728085346
"GSM36969"	277.579437383394	1460.750202879	1738.3296402624	0.652320882761483
"GSM36970"	792.990963155511	539.598955083901	1332.58991823941	0.696279081773023
"GSM36971"	948.83785890114	600.181794640242	1549.01965354138	0.673128431240614
"GSM36972"	1250.61725822865	947.885113084507	2198.50237131315	0.599674646981033
"GSM36973"	210.278271011451	793.618216603102	1003.89648761455	0.730086665603049
"GSM36974"	-993.185052106871	-183.409953276689	-1176.59500538356	0.908014303519045
"GSM36975"	628.549285019665	1112.02061668692	1740.56990170658	0.652071602216876
"GSM36976"	800.291445551703	636.330194467654	1436.62164001936	0.685237493546385
"GSM36977"	263.942259439072	1400.7340672558	1664.67632669487	0.660477062927965
"GSM36978"	1207.90235759463	2027.58421929668	3235.48657689132	0.471399713332396
"GSM36979"	670.075392936348	1125.0014323869	1795.07682532324	0.645984790407854
"GSM36980"	536.187216560312	1062.63733197182	1598.82454853213	0.667703981356985
"GSM36981"	266.716421407492	533.307879220113	800.024300627604	0.750206833924028
"GSM36982"	1033.96324041543	1587.813674376	2621.77691479144	0.548828934036703
"GSM36983"	1344.24134668309	1408.29217898496	2752.53352566805	0.532684272697904
"GSM36984"	-1453.8171430952	-855.193158058026	-2309.01030115323	0.964816629200129
"GSM36985"	367.700584508682	1183.80652077054	1551.50710527922	0.672858364087966
"GSM36986"	788.830774891591	1001.61625818942	1790.44703308101	0.646503413886485
"GSM36987"	159.245974425519	679.815085339922	839.061059765441	0.746405749029483
"GSM36988"	999.43157306287	1048.9726425063	2048.40421556917	0.617159182350689
"GSM36989"	929.201314905791	533.146881189783	1462.34819609557	0.682482216674945
"GSM36990"	778.265082403324	796.717473326852	1574.98255573018	0.67030517860183
"GSM36991"	452.042358013367	1402.64363968204	1854.68599769541	0.639280881691705
"GSM36992"	872.825523171111	1218.97384385659	2091.7993670277	0.612134610220225
"GSM36993"	1596.3956811131	1241.16125144582	2837.55693255892	0.522080681526013
"GSM36994"	1306.82307543108	1112.40446721585	2419.22754264693	0.573436636898416
"GSM36995"	932.795453822441	2100.25394998117	3033.04940380361	0.497394368699245
"GSM36996"	980.00404659185	2335.56983323976	3315.57387983161	0.460999630508341
"GSM36997"	675.57585845585	439.997965994226	1115.57382445008	0.71878688327912
"GSM36998"	930.323649447494	679.077779449215	1609.40142889671	0.666547407185311
"GSM36999"	535.913560897623	361.373536979518	897.287097877141	0.740690665249856
"GSM37000"	1574.8825348641	1853.24193759268	3428.12447245678	0.446276535988066
"GSM37001"	671.626220174283	794.633050914367	1466.25927108865	0.682062492953702
"GSM37002"	137.129698432366	964.962979293534	1102.0926777259	0.720161249891364
"GSM37003"	580.706011341641	450.063621897271	1030.76963323891	0.727385386834679
"GSM37004"	-377.158846200824	342.09007043459	-35.0687757662348	0.825426222443724
"GSM37005"	598.413776045626	71.9270616389479	670.340837684574	0.7626568346561
"GSM37006"	782.832831176967	899.527829429268	1682.36066060624	0.658525751837815
"GSM37007"	526.882262711936	1288.49053669171	1815.37279940364	0.643707743478546
"GSM37008"	1651.32619287505	1073.23698709497	2724.56317997001	0.536154503672346
"GSM37009"	1566.16662599946	1721.69697865062	3287.86360465009	0.464605349455968
"GSM37010"	-9.14885159754328	-201.600081313304	-210.748932910847	0.839707641840811
"GSM37011"	571.373628066845	497.616767250578	1068.99039531742	0.723523963515646
"GSM37012"	72.2276344745094	-192.77309118017	-120.54545670566	0.832443964095584
"GSM37013"	1068.69357873939	751.778541304964	1820.47212004435	0.643134741386274
"GSM37014"	707.587650811743	1645.3410953977	2352.92874620944	0.581382209776689
"GSM37015"	1036.15443970448	529.128333620852	1565.28277332533	0.671361091748257
"GSM37016"	405.158104791072	1489.00887631468	1894.16698110575	0.634813701417308
"GSM37017"	504.550255076475	1435.2584405384	1939.80869561488	0.62962288781642
"GSM37018"	929.666380272517	891.471910963539	1821.13829123606	0.643059858229914
"GSM37019"	1091.04406844635	1097.5632847814	2188.60735322775	0.600836347384693
"GSM37020"	566.348186285232	394.344341302352	960.692527587584	0.734405680372235
"GSM37021"	-309.411417684477	1612.57199456188	1303.16057687741	0.699373264905669
"GSM37022"	800.395141681279	2115.61304983221	2916.00819151349	0.512224556553595
"GSM37023"	1267.09468059519	1372.13942179707	2639.23410239226	0.546685041248356
"GSM37024"	1288.78268101458	869.058168225312	2157.84084923989	0.60444030468325
"GSM37025"	907.811626773624	789.645537762006	1697.45716453563	0.656856473640957
"GSM37026"	418.531355794483	1023.63921892511	1442.17057471959	0.684644035895772
"GSM37027"	1157.93838868019	528.2221870562	1686.16057573639	0.658105884904097
"GSM37028"	322.008342218709	25.327251887535	347.335594106244	0.79245542765121
"GSM37029"	-339.661306149033	-543.206020345707	-882.867326494739	0.889113138847359
"GSM37030"	-556.240630191152	-466.838893812571	-1023.07952400372	0.898344072533288
"GSM37031"	510.433600620129	62.7130098797414	573.146610499871	0.771806838243383
"GSM37032"	1216.60186565772	1659.50713129848	2876.1089969562	0.517245812187117
"GSM37033"	332.755853578742	1947.15497097513	2279.91082455387	0.590069290899767
"GSM37034"	920.957023265235	3266.31619415561	4187.27321742085	0.343992872411368
"GSM37035"	214.462380599277	266.570466240946	481.032846840223	0.780333595908013
"GSM37036"	1268.03583623679	1045.37555743738	2313.41139367417	0.586092020099405
"GSM37037"	482.632970832432	1299.8872363056	1782.52020713803	0.647390673523285
"GSM37038"	-393.198866930782	805.38759189944	412.188724968658	0.786613266457111
"GSM37039"	957.712107968379	694.828905177345	1652.54101314572	0.661813514176639
"GSM37040"	1198.87728682204	2036.23051196811	3235.10779879015	0.471448747541669
"GSM37041"	1071.36263921792	622.999140259682	1694.3617794776	0.657199005359579
"GSM37042"	446.971544140788	1589.49289507137	2036.46443921216	0.618537262891309
"GSM37043"	995.992336988095	1138.88149664228	2134.87383363038	0.607122605508372
"GSM37044"	145.284118946163	382.065456343026	527.349575289189	0.776063898771215
"GSM37045"	181.314647774855	2511.82086717364	2693.13551494849	0.540042892544847
"GSM37046"	1342.78882251801	1764.46502056178	3107.2538430798	0.487915667776768
"GSM37047"	535.205309621029	1340.23952376014	1875.44483338117	0.636934735553714
"GSM37048"	525.603256579382	521.654475636865	1047.25773221625	0.725722403866543
"GSM37049"	1319.20142123778	2776.44050091616	4095.64192215394	0.35659093859987
"GSM37050"	2119.87115940308	2742.88039821778	4862.75155762086	0.249354462548288
"GSM37051"	1298.75404615131	2165.70515705923	3464.45920321054	0.441497272888989
"GSM37052"	1335.68228578417	1015.1064079749	2350.78869375907	0.58163777082856
"GSM37053"	596.15830851479	502.970307489926	1099.12861600472	0.720463050001235
"GSM37054"	-184.566235182314	69.0950438516946	-115.471191330619	0.832031008667053
"GSM37055"	56.6353572960904	666.283775585527	722.919132881618	0.757642217232464
"GSM37056"	1059.67460478013	323.328907477288	1383.00351225742	0.690948465061013
"GSM37057"	793.361331265423	408.226051152712	1201.58738241814	0.709951990332809
"GSM37058"	1876.2809264104	1409.72514287441	3286.00606928481	0.464846781592729
"GSM37059"	1623.48176113886	1368.35946309712	2991.84122423598	0.50263279142161
"GSM37060"	498.373943923153	690.308571598559	1188.68251552171	0.711284765961246
"GSM37061"	727.489997554361	-76.2645380521067	651.225459502255	0.764468705695619
"GSM37062"	643.17679303786	808.935960821336	1452.1127538592	0.683579585726381
